v2.0 raw
00000005 0000000e 000000a9 0000002b 000000af 00000001 000000d1 000007*0
00000001 00000002 00000003 00000001 00000003 00000009 00000002 00000007
00000007 00000001 00000003 00000003 00000001 00000002 00000008 00000002
00000008 00000007 00000001 00000002 00000003 00000001 00000003 0000000c
00000002 00000009 00000007 00000001 00000002 00000003 00000001 00000003
0000000d 00000002 0000000a 00000007 00000001 00000002 0000000e 00000002
0000000b 00000007 00000001 00000004 00000003 00000001 00000005 00000009
00000002 0000000c 00000007 00000001 00000006 0000000f 00000002 0000000d
00000007
